028260|2014-12-18|106000|113000|99200|116000|12845103|7000|660
028260|2014-12-19|118000|129500|117500|129500|4551888|16500|1460
028260|2014-12-22|135000|134500|130500|145500|4401710|5000|386
028260|2014-12-23|132000|135000|127000|137500|2873094|500|37
028260|2014-12-24|135500|133000|132000|139000|1403337|-2000|-148
028260|2014-12-26|134500|135500|130000|138000|1648394|2500|188
028260|2014-12-29|140000|149000|138500|155000|4142037|13500|996
028260|2014-12-30|153500|158000|148500|158000|2518666|9000|604
028260|2015-01-02|160500|171000|158500|174000|3083018|13000|823
028260|2015-01-05|177000|145500|145500|179500|6436987|25500|-1491
028260|2015-01-06|143000|138500|133500|147500|4596735|-7000|-481
028260|2015-01-07|139000|135500|135000|140500|1719259|-3000|-217
028260|2015-01-08|138000|135000|133000|140500|1699199|-500|-37
028260|2015-01-09|137500|150000|134000|153500|2971066|15000|1111
028260|2015-01-12|149000|147500|142500|151500|1625748|-2500|-167
028260|2015-01-13|147000|138000|137000|149500|2009453|-9500|-644
028260|2015-01-14|138000|137000|135500|141000|889108|-1000|-72
028260|2015-01-15|138000|140500|136500|144000|1167317|3500|255
028260|2015-01-16|139500|136000|135500|142000|743075|-4500|-320
028260|2015-01-19|137000|131000|129500|138000|1115099|-5000|-368
028260|2015-01-20|132500|131500|131000|134500|620532|500|38
028260|2015-01-21|132500|124000|122000|133000|1413084|-7500|-570
028260|2015-01-22|123000|124000|122500|130000|876352|0|0
028260|2015-01-23|128500|131000|126500|132500|1028487|7000|565
028260|2015-01-26|130500|129500|129000|134000|492693|-1500|-115
028260|2015-01-27|131000|135000|130500|135000|743513|5500|425
028260|2015-01-28|137000|140000|137000|143000|1457183|5000|370
028260|2015-01-29|140500|137500|136500|142000|538392|-2500|-179
028260|2015-01-30|144000|136000|135500|146000|919086|-1500|-109
028260|2015-02-02|135500|135000|134000|137000|339084|-1000|-74
028260|2015-02-03|136500|138500|132500|139000|437428|3500|259
028260|2015-02-04|139500|137500|137500|140500|321206|-1000|-72
028260|2015-02-05|137500|136000|134000|138500|270183|-1500|-109
028260|2015-02-06|138500|138500|136500|141500|500370|2500|184
028260|2015-02-09|139000|138500|138500|141000|346906|0|0
028260|2015-02-10|138500|136500|136500|139000|205298|-2000|-144
028260|2015-02-11|137000|140000|136500|140000|299268|3500|256
028260|2015-02-12|141000|139000|139000|142500|262841|-1000|-71
028260|2015-02-13|140500|147500|139500|150000|1408559|8500|612
028260|2015-02-16|150000|151500|148000|153500|878719|4000|271
028260|2015-02-17|150500|147000|147000|151000|437959|-4500|-297
028260|2015-02-23|149000|149000|146500|150000|285637|2000|136
028260|2015-02-24|149500|155000|149000|156000|801969|6000|403
028260|2015-02-25|156500|156000|156000|160000|700578|1000|65
028260|2015-02-26|157000|158000|154000|159000|372015|2000|128
028260|2015-02-27|157500|162000|156000|162000|456798|4000|253
028260|2015-03-02|162500|159000|155000|163500|561515|-3000|-185
028260|2015-03-03|159000|155000|152000|160000|593735|-4000|-252
028260|2015-03-04|154000|155500|153500|157000|326457|500|32
028260|2015-03-05|155500|155000|153000|156500|252821|-500|-32
028260|2015-03-06|155000|159000|154000|159000|373985|4000|258
028260|2015-03-09|158000|164500|157000|166000|739332|5500|346
028260|2015-03-10|165000|165000|160000|166500|708860|500|30
028260|2015-03-11|160000|161000|155500|164500|1249028|-4000|-242
028260|2015-03-12|162000|156500|155500|163500|1789750|-4500|-280
028260|2015-03-13|156500|157500|153000|159000|588949|1000|64
028260|2015-03-16|157000|153000|152000|158500|441937|-4500|-286
028260|2015-03-17|154500|162000|154000|162000|711222|9000|588
028260|2015-03-18|157000|152000|150000|159500|3006255|-10000|-617
028260|2015-03-19|153500|154500|149000|154500|1291600|2500|164
028260|2015-03-20|153500|155000|152000|156500|670771|500|32
028260|2015-03-23|155000|151000|151000|156000|501435|-4000|-258
028260|2015-03-24|151500|150000|149000|153000|400021|-1000|-66
028260|2015-03-25|150000|154500|149000|155000|498859|4500|300
028260|2015-03-26|150000|149500|148500|151500|589634|-5000|-324
028260|2015-03-27|150000|147500|147500|151500|382629|-2000|-134
028260|2015-03-30|148000|151500|147500|153500|508776|4000|271
028260|2015-03-31|152500|149500|148500|153000|326288|-2000|-132
028260|2015-04-01|150000|146500|146000|150000|385327|-3000|-201
028260|2015-04-02|146500|140500|139500|147000|993693|-6000|-410
028260|2015-04-03|140000|141500|139500|143000|437182|1000|71
028260|2015-04-06|142500|140000|140000|143000|291331|-1500|-106
028260|2015-04-07|140500|141500|140000|146000|393145|1500|107
028260|2015-04-08|141500|140000|139500|143000|279962|-1500|-106
028260|2015-04-09|140000|138500|137500|140500|328887|-1500|-107
028260|2015-04-10|139000|137500|136000|143000|690639|-1000|-72
028260|2015-04-13|138500|138500|137500|141000|355330|1000|73
028260|2015-04-14|139000|140500|139000|143000|441593|2000|144
028260|2015-04-15|143000|154500|141000|161500|2672941|14000|996
028260|2015-04-16|155000|158000|154500|167000|2105401|3500|227
028260|2015-04-17|159000|154500|153500|161500|518742|-3500|-222
028260|2015-04-20|154000|159500|153500|163500|765971|5000|324
028260|2015-04-21|165000|162500|162000|167500|755252|3000|188
028260|2015-04-22|164000|158500|157000|164500|557711|-4000|-246
028260|2015-04-23|159500|179000|157500|181500|2391819|20500|1293
028260|2015-04-24|175500|169500|168500|178500|1298866|-9500|-531
028260|2015-04-27|171000|166000|166000|173000|543152|-3500|-206
028260|2015-04-28|164000|167000|162000|172500|667920|1000|60
028260|2015-04-29|166500|166500|165000|172500|472742|-500|-30
028260|2015-04-30|161000|158500|158000|162500|767466|-8000|-480
028260|2015-05-04|159000|161000|156500|166500|370150|2500|158
028260|2015-05-06|160000|159500|156500|161000|387018|-1500|-93
028260|2015-05-07|146000|142500|138000|150000|2038527|-17000|-1066
028260|2015-05-08|143000|143500|142500|146500|541510|1000|70
028260|2015-05-11|144500|141500|141000|146000|418548|-2000|-139
028260|2015-05-12|139500|143000|139500|144500|340942|1500|106
028260|2015-05-13|142500|150000|142500|151000|656457|7000|490
028260|2015-05-14|149000|149000|148500|152500|312033|-1000|-67
028260|2015-05-15|151500|156500|151000|158000|650992|7500|503
028260|2015-05-18|157000|157000|154000|159000|268107|500|32
028260|2015-05-19|157500|157500|155500|161000|333714|500|32
028260|2015-05-20|161500|161000|158000|163500|319122|3500|222
028260|2015-05-21|161000|161500|159500|162500|234730|500|31
028260|2015-05-22|161500|163500|161500|164500|271203|2000|124
028260|2015-05-26|185000|188000|174500|188000|2490541|24500|1498
028260|2015-05-27|198000|190500|188500|215500|3584837|2500|133
028260|2015-05-28|194000|186000|185000|198000|1334641|-4500|-236
028260|2015-05-29|185000|192000|178500|192000|1764251|6000|323
028260|2015-06-01|188000|188500|184000|191500|597661|-3500|-182
028260|2015-06-02|188500|186000|183000|191000|439417|-2500|-133
028260|2015-06-03|185000|182000|182000|187000|322631|-4000|-215
028260|2015-06-04|196000|191000|186000|198000|1939598|9000|495
028260|2015-06-05|194000|197000|192000|198500|1108781|6000|314
028260|2015-06-08|204500|183500|182000|206000|1125361|-13500|-685
028260|2015-06-09|184000|182500|180500|189500|698735|-1000|-54
028260|2015-06-10|185000|178500|178000|189000|880180|-4000|-219
028260|2015-06-11|184000|180000|178000|184000|456173|1500|84
028260|2015-06-12|179500|182000|178500|185000|331569|2000|111
028260|2015-06-15|180000|169000|166000|180000|561124|-13000|-714
028260|2015-06-16|171000|169000|168000|174000|359490|0|0
028260|2015-06-17|171000|174500|169500|176500|272612|5500|325
028260|2015-06-18|176500|171500|171500|176500|179886|-3000|-172
028260|2015-06-19|175500|174500|173500|179500|262177|3000|175
028260|2015-06-22|174000|172000|171000|176000|150079|-2500|-143
028260|2015-06-23|173500|181500|172500|182500|364398|9500|552
028260|2015-06-24|182500|174500|165500|183000|632732|-7000|-386
028260|2015-06-25|172500|173500|172000|177000|261845|-1000|-57
028260|2015-06-26|171500|173500|171500|175500|181848|0|0
028260|2015-06-29|172000|174500|172000|178000|280483|1000|58
028260|2015-06-30|179000|177500|175000|182000|415062|3000|172
028260|2015-07-01|179500|181000|177000|186000|550900|3500|197
028260|2015-07-02|186000|180000|180000|186000|418967|-1000|-55
028260|2015-07-03|180000|183000|177000|185000|430388|3000|167
028260|2015-07-06|178000|177000|176500|182000|259899|-6000|-328
028260|2015-07-07|180500|177000|176000|181500|302120|0|0
028260|2015-07-08|177500|173000|173000|178500|263266|-4000|-226
028260|2015-07-09|172500|174500|170500|177000|308498|1500|87
028260|2015-07-10|174500|178000|174000|178500|220584|3500|201
028260|2015-07-13|184500|182500|180500|188000|382605|4500|253
028260|2015-07-14|183500|180000|177000|184000|464552|-2500|-137
028260|2015-07-15|181500|183500|180000|185000|414305|3500|194
028260|2015-07-16|185000|194000|184500|196000|1207687|10500|572
028260|2015-07-17|198500|179000|177500|203000|3797973|-15000|-773
028260|2015-07-20|178000|175000|173500|181000|806319|-4000|-223
028260|2015-07-21|176000|171500|171500|177500|497441|-3500|-200
028260|2015-07-22|170500|176000|170500|176500|568232|4500|262
028260|2015-07-23|176000|172500|172000|176000|423449|-3500|-199
028260|2015-07-24|177000|169500|169500|177500|586021|-3000|-174
028260|2015-07-27|169000|169500|166000|171500|334636|0|0
028260|2015-07-28|167500|167000|165000|168500|428496|-2500|-147
028260|2015-07-29|170500|169500|168000|173000|421442|2500|150
028260|2015-07-30|169000|165000|163000|170000|422952|-4500|-265
028260|2015-07-31|166500|167500|165000|168500|355897|2500|152
028260|2015-08-03|167500|168000|167000|169000|288504|500|30
028260|2015-08-04|168000|171000|168000|171000|347338|3000|179
028260|2015-08-05|171500|168000|168000|174500|427911|-3000|-175
028260|2015-08-06|168000|161000|160500|168000|640325|-7000|-417
028260|2015-08-07|162000|153500|153500|163000|519492|-7500|-466
028260|2015-08-10|153000|150500|148500|153000|301218|-3000|-195
028260|2015-08-11|151500|150500|149000|153500|184901|0|0
028260|2015-08-12|151500|145500|144000|153000|345572|-5000|-332
028260|2015-08-13|145000|146000|145000|148000|302818|500|34
028260|2015-08-17|146000|145500|144000|146500|251244|-500|-34
028260|2015-08-18|145500|141500|141500|147000|204307|-4000|-275
028260|2015-08-19|140500|134000|130500|141000|649277|-7500|-530
028260|2015-08-20|131500|138000|131500|139000|431434|4000|299
028260|2015-08-21|132500|136500|132500|138000|331334|-1500|-109
028260|2015-08-24|135500|131000|128000|137000|462650|-5500|-403
028260|2015-08-25|132000|134000|128500|137000|462593|3000|229
028260|2015-08-26|132500|147000|131500|147000|1058195|13000|970
028260|2015-08-27|149500|157000|146000|169000|1464059|10000|680
028260|2015-08-28|159500|165500|159500|166500|759352|8500|541
028260|2015-08-31|169000|178000|167000|178000|1119627|12500|755
028260|2015-09-01|176500|170000|169000|177000|649051|-8000|-449
028260|2015-09-02|166500|173500|165500|176500|648037|3500|206
028260|2015-09-03|175500|165500|165500|176000|485819|-8000|-461
028260|2015-09-04|167000|162000|161000|169500|278853|-3500|-211
028260|2015-09-07|161000|161000|157000|164000|298039|-1000|-62
028260|2015-09-08|164500|164500|162500|171000|406158|3500|217
028260|2015-09-09|168000|165000|164000|168500|248300|500|30
028260|2015-09-10|166000|170000|164000|170000|330482|5000|303
028260|2015-09-11|167500|163500|163000|169000|388276|-6500|-382
028260|2015-09-14|164500|158500|157500|165000|480798|-5000|-306
028260|2015-09-15|154000|163000|153000|165500|1570946|4500|284
028260|2015-09-16|166000|164500|164000|168500|722443|1500|92
028260|2015-09-17|165000|160000|160000|165000|647668|-4500|-274
028260|2015-09-18|161000|159500|159000|162500|626028|-500|-31
028260|2015-09-21|157500|157500|156000|160500|556452|-2000|-125
028260|2015-09-22|157500|154500|153500|158500|661313|-3000|-190
028260|2015-09-23|153000|146500|146000|153500|1231958|-8000|-518
028260|2015-09-24|147500|147000|146500|150000|552672|500|34
028260|2015-09-25|147000|147000|143000|148500|639607|0|0
028260|2015-09-30|145000|146500|144500|147500|346373|-500|-34
028260|2015-10-01|148000|153500|147000|154000|510523|7000|478
028260|2015-10-02|153000|151000|151000|154500|347397|-2500|-163
028260|2015-10-05|152500|152000|152000|156000|367466|1000|66
028260|2015-10-06|154500|151000|151000|155500|269731|-1000|-66
028260|2015-10-07|151500|158000|151500|159000|677524|7000|464
028260|2015-10-08|159500|158500|155000|160000|403214|500|32
028260|2015-10-12|159000|159000|158000|161500|300959|500|32
028260|2015-10-13|160500|160000|159000|162000|281381|1000|63
028260|2015-10-14|159500|158000|157000|160000|264488|-2000|-125
028260|2015-10-15|158000|159500|157500|160000|244405|1500|95
028260|2015-10-16|160500|159500|158000|160500|194917|0|0
028260|2015-10-19|160000|157500|157500|160000|235668|-2000|-125
028260|2015-10-20|157000|156500|154500|158000|298202|-1000|-63
028260|2015-10-21|157000|159000|156000|164000|401592|2500|160
028260|2015-10-22|164500|157500|156500|169000|1802387|-1500|-94
028260|2015-10-23|159000|159000|157500|160500|362299|1500|95
028260|2015-10-26|159500|156000|155500|160000|387298|-3000|-189
028260|2015-10-27|156500|158000|156500|158500|225598|2000|128
028260|2015-10-28|158500|154000|152500|159000|360529|-4000|-253
028260|2015-10-29|154500|156000|152500|161000|612362|2000|130
028260|2015-10-30|156500|155000|155000|160000|354055|-1000|-64
028260|2015-11-02|156500|155500|155000|158500|194849|500|32
028260|2015-11-03|156000|156000|155500|157500|223325|500|32
028260|2015-11-04|156500|153500|152000|157000|439297|-2500|-160
028260|2015-11-05|153500|149500|149000|153500|483426|-4000|-261
028260|2015-11-06|151500|147500|147000|153000|430352|-2000|-134
028260|2015-11-09|147500|147000|146500|149000|215032|-500|-34
028260|2015-11-10|147000|145500|145500|151000|309682|-1500|-102
028260|2015-11-11|144500|143500|143000|146500|306436|-2000|-137
028260|2015-11-12|144000|142500|142000|145500|286076|-1000|-70
028260|2015-11-13|141500|139000|139000|142000|324293|-3500|-246
028260|2015-11-16|137000|135000|134500|137500|352267|-4000|-288
028260|2015-11-17|138000|136500|136500|141500|362876|1500|111
028260|2015-11-18|136500|141500|136500|143500|418916|5000|366
028260|2015-11-19|144000|142500|139500|145000|402067|1000|71
028260|2015-11-20|143000|141000|140000|143000|284927|-1500|-105
028260|2015-11-23|145500|151500|145000|151500|919232|10500|745
028260|2015-11-24|151500|152000|150000|155500|721230|500|33
028260|2015-11-25|152000|152500|150500|154000|363028|500|33
028260|2015-11-26|154500|154000|153000|157000|403262|1500|98
028260|2015-11-27|154500|152000|150500|154500|258676|-2000|-130
028260|2015-11-30|149500|146000|146000|150000|608619|-6000|-395
028260|2015-12-01|147000|150500|146000|150500|244963|4500|308
028260|2015-12-02|151000|150000|148500|151500|197120|-500|-33
028260|2015-12-03|148000|147000|146500|150000|221690|-3000|-200
028260|2015-12-04|144500|144500|144500|146500|216595|-2500|-170
028260|2015-12-07|146500|143500|143500|147500|174707|-1000|-69
028260|2015-12-08|144500|143000|143000|147500|260345|-500|-35
028260|2015-12-09|144000|144500|142500|145000|168161|1500|105
028260|2015-12-10|144000|145500|142500|145500|250285|1000|69
028260|2015-12-11|145000|147000|144500|147000|297027|1500|103
028260|2015-12-14|144500|144000|142500|145000|311761|-3000|-204
028260|2015-12-15|144500|146500|144000|147000|263173|2500|174
028260|2015-12-16|148000|146500|146500|148500|308648|0|0
028260|2015-12-17|147500|145500|145000|148000|281146|-1000|-68
028260|2015-12-18|145000|147500|144000|147500|335232|2000|137
028260|2015-12-21|146000|146000|144500|146500|311008|-1500|-102
028260|2015-12-22|147000|148500|146500|149500|442905|2500|171
028260|2015-12-23|149000|147500|147500|149500|278739|-1000|-67
028260|2015-12-24|148500|145500|145500|148500|345791|-2000|-136
028260|2015-12-28|138000|138500|138000|142500|829483|-7000|-481
028260|2015-12-29|140000|142000|139500|143000|275120|3500|253
028260|2015-12-30|142000|140000|140000|143000|270526|-2000|-141
028260|2016-01-04|140500|140000|140000|142000|280114|0|0
028260|2016-01-05|139000|140000|139000|141500|265292|0|0
028260|2016-01-06|141000|144000|140000|144000|435314|4000|286
028260|2016-01-07|143500|143000|142000|146000|266121|-1000|-69
028260|2016-01-08|141000|142000|140000|143000|291038|-1000|-70
028260|2016-01-11|141000|140000|140000|142000|264132|-2000|-141
028260|2016-01-12|142000|139500|139000|142500|233567|-500|-36
028260|2016-01-13|140500|140500|139500|141500|272452|1000|72
028260|2016-01-14|138500|139000|138500|140000|268437|-1500|-107
028260|2016-01-15|140000|136000|136000|140000|317924|-3000|-216
028260|2016-01-18|136000|144000|135000|144000|627410|8000|588
028260|2016-01-19|143500|148500|141500|149000|684816|4500|312
028260|2016-01-20|146500|148000|146000|151500|836548|-500|-34
028260|2016-01-21|148500|149000|147000|150500|508803|1000|68
028260|2016-01-22|150000|153000|149500|153500|583130|4000|268
028260|2016-01-25|154500|150000|149500|154500|507363|-3000|-196
028260|2016-01-26|147500|142000|141000|148500|862853|-8000|-533
028260|2016-01-27|141000|141000|140500|143000|513508|-1000|-70
028260|2016-01-28|141000|144000|139500|147000|853772|3000|213
028260|2016-01-29|149000|149000|146000|153000|1109240|5000|347
028260|2016-02-01|151000|151000|149000|152000|377201|2000|134
028260|2016-02-02|150000|150500|148500|152500|337087|-500|-33
028260|2016-02-03|149500|146500|146500|150000|307665|-4000|-266
028260|2016-02-04|148500|153000|146500|153000|586448|6500|444
028260|2016-02-05|152000|152000|151000|154500|352197|-1000|-65
028260|2016-02-11|146000|146500|144000|149000|510352|-5500|-362
028260|2016-02-12|146000|143000|140000|147000|562796|-3500|-239
028260|2016-02-15|145000|148000|144000|148500|436234|5000|350
028260|2016-02-16|148000|148500|146500|149500|287595|500|34
028260|2016-02-17|149000|146000|145000|149500|340754|-2500|-168
028260|2016-02-18|148500|154500|147000|154500|722644|8500|582
028260|2016-02-19|153000|153000|151500|154500|390706|-1500|-97
028260|2016-02-22|153000|152500|152000|157500|585529|-500|-33
028260|2016-02-23|154500|152500|150000|154500|404656|0|0
028260|2016-02-24|151000|152000|150500|152500|220097|-500|-33
028260|2016-02-25|153000|153000|151000|154500|1889322|1000|66
028260|2016-02-26|159000|157000|155500|160500|5453020|4000|261
028260|2016-02-29|158000|154500|154000|159500|682073|-2500|-159
028260|2016-03-02|155500|154500|153000|156000|568333|0|0
028260|2016-03-03|154500|154500|153500|156000|542561|0|0
028260|2016-03-04|154500|154000|153500|157000|350088|-500|-32
028260|2016-03-07|154000|152500|152500|156500|345376|-1500|-97
028260|2016-03-08|152500|150000|150000|153500|490802|-2500|-164
028260|2016-03-09|149500|151000|149500|153000|271287|1000|67
028260|2016-03-10|150500|147500|147500|152500|1183576|-3500|-232
028260|2016-03-11|148000|150500|147500|151500|591966|3000|203
028260|2016-03-14|151000|149000|149000|152000|272819|-1500|-100
028260|2016-03-15|149500|149500|148500|150500|154221|500|34
028260|2016-03-16|149000|148500|148000|150000|379287|-1000|-67
028260|2016-03-17|149000|149000|148000|151000|319122|500|34
028260|2016-03-18|149000|147000|147000|150500|499145|-2000|-134
028260|2016-03-21|147500|145500|145000|148000|357983|-1500|-102
028260|2016-03-22|146500|146500|145500|147500|216611|1000|69
028260|2016-03-23|146500|145500|144500|146500|315045|-1000|-68
028260|2016-03-24|145000|144000|144000|146000|221530|-1500|-103
028260|2016-03-25|144500|143000|143000|145000|268534|-1000|-69
028260|2016-03-28|143500|145000|143500|148000|309316|2000|140
028260|2016-03-29|145500|145000|143500|146000|319647|0|0
028260|2016-03-30|145000|144000|144000|145500|242357|-1000|-69
028260|2016-03-31|144500|143000|142000|145500|444038|-1000|-69
028260|2016-04-01|143000|140000|140000|143500|526478|-3000|-210
028260|2016-04-04|141500|139500|138500|142000|348937|-500|-36
028260|2016-04-05|139000|139500|136000|139500|408436|0|0
028260|2016-04-06|138500|137000|137000|140000|394911|-2500|-179
028260|2016-04-07|138000|137000|136500|138500|302484|0|0
028260|2016-04-08|136500|138500|136500|138500|269187|1500|109
028260|2016-04-11|138500|137500|137000|139500|242287|-1000|-72
028260|2016-04-12|138000|140000|137000|140500|328292|2500|182
028260|2016-04-14|141500|140000|139500|142000|527416|0|0
028260|2016-04-15|140000|142500|140000|143500|342848|2500|179
028260|2016-04-18|142000|140000|140000|142500|257017|-2500|-175
028260|2016-04-19|140500|140500|139500|141500|243024|500|36
028260|2016-04-20|140500|139000|138500|141500|261027|-1500|-107
028260|2016-04-21|139500|138000|137500|140000|306356|-1000|-72
028260|2016-04-22|138000|139000|137500|139500|226983|1000|72
028260|2016-04-25|138500|137000|136000|139000|360219|-2000|-144
028260|2016-04-26|137000|138000|136000|139000|250182|1000|73
028260|2016-04-27|138000|134000|132500|138000|964804|-4000|-290
028260|2016-04-28|131500|132000|129500|135500|1056608|-2000|-149
028260|2016-04-29|132500|131000|130500|134000|462910|-1000|-76
028260|2016-05-02|131000|128000|128000|132000|485362|-3000|-229
028260|2016-05-03|128500|128000|128000|130000|315401|0|0
028260|2016-05-04|127500|128500|127500|131000|394392|500|39
028260|2016-05-09|128000|126000|125000|129500|403415|-2500|-195
028260|2016-05-10|124500|126000|124000|127000|327114|0|0
028260|2016-05-11|127000|127500|126500|130000|397241|1500|119
028260|2016-05-12|127000|125500|125500|127500|274759|-2000|-157
028260|2016-05-13|125500|126500|125500|128000|194696|1000|80
028260|2016-05-16|126500|125500|125000|127000|177279|-1000|-79
028260|2016-05-17|126500|125500|125500|128500|257763|0|0
028260|2016-05-18|125500|122500|122000|126000|404987|-3000|-239
028260|2016-05-19|121500|117000|116000|122500|834050|-5500|-449
028260|2016-05-20|117000|120000|116500|121500|430379|3000|256
028260|2016-05-23|121000|120500|120000|122000|232325|500|42
028260|2016-05-24|119000|117000|116500|120000|419439|-3500|-290
028260|2016-05-25|118500|118000|117000|119500|382274|1000|85
028260|2016-05-26|118000|117000|117000|119000|193940|-1000|-85
028260|2016-05-27|117500|120000|116500|122000|417081|3000|256
028260|2016-05-30|121000|120500|118000|122000|339214|500|42
028260|2016-05-31|120000|120000|119000|122500|451592|-500|-41
028260|2016-06-01|120500|119000|118500|120500|320153|-1000|-83
028260|2016-06-02|118000|114000|112000|118000|1193585|-5000|-420
028260|2016-06-03|117500|122000|115000|122500|1529522|8000|702
028260|2016-06-07|121500|125500|121500|126000|918685|3500|287
028260|2016-06-08|125500|124500|122000|126000|480316|-1000|-80
028260|2016-06-09|124500|123000|122000|124500|510246|-1500|-120
028260|2016-06-10|123000|124500|122500|124500|234696|1500|122
028260|2016-06-13|123500|121000|121000|124000|258367|-3500|-281
028260|2016-06-14|121000|118000|117000|121500|430019|-3000|-248
028260|2016-06-15|117500|116000|115000|119000|353083|-2000|-169
028260|2016-06-16|117000|115500|115500|118500|304029|-500|-43
028260|2016-06-17|116000|119500|116000|121000|527503|4000|346
028260|2016-06-20|120500|122000|120000|124000|394111|2500|209
028260|2016-06-21|122500|121500|120500|123000|234755|-500|-41
028260|2016-06-22|121000|122000|120500|122500|169398|500|41
028260|2016-06-23|121500|122000|121000|122500|210520|0|0
028260|2016-06-24|123000|116000|114000|123000|1000423|-6000|-492
028260|2016-06-27|113000|114500|112500|115500|503479|-1500|-129
028260|2016-06-28|113500|116000|113000|116500|310607|1500|131
028260|2016-06-29|117000|117500|116500|120000|322797|1500|129
028260|2016-06-30|118500|123000|117500|127500|2257154|5500|468
028260|2016-07-01|121500|123000|121000|124000|467031|0|0
028260|2016-07-04|123500|123500|122000|125000|320457|500|41
028260|2016-07-05|123000|127000|123000|127500|634265|3500|283
028260|2016-07-06|127000|124000|123000|127000|389794|-3000|-236
028260|2016-07-07|125000|128000|125000|128500|484666|4000|323
028260|2016-07-08|128000|126000|125500|129500|351320|-2000|-156
028260|2016-07-11|128000|129500|126500|129500|457566|3500|278
028260|2016-07-12|130000|132000|129500|133000|679505|2500|193
028260|2016-07-13|132500|131500|130500|133000|305683|-500|-38
028260|2016-07-14|132500|131500|130500|132500|316319|0|0
028260|2016-07-15|132000|133000|131500|134000|371752|1500|114
028260|2016-07-18|133000|133000|131500|133500|286609|0|0
028260|2016-07-19|133000|135000|133000|135500|502485|2000|150
028260|2016-07-20|135000|134500|133000|135500|280178|-500|-37
028260|2016-07-21|134500|133000|132500|135000|257028|-1500|-112
028260|2016-07-22|131500|133500|130500|134500|230538|500|38
028260|2016-07-25|133500|133500|133000|134500|196440|0|0
028260|2016-07-26|133000|135500|133000|136000|294774|2000|150
028260|2016-07-27|135500|137500|135000|137500|414540|2000|148
028260|2016-07-28|138500|138000|135500|139000|430344|500|36
028260|2016-07-29|136500|135500|135000|137500|300163|-2500|-181
028260|2016-08-01|134000|135500|134000|136500|265206|0|0
028260|2016-08-02|135500|135500|134500|137000|310976|0|0
028260|2016-08-03|135500|134500|133500|136000|267255|-1000|-74
028260|2016-08-04|135000|136500|134000|136500|232769|2000|149
028260|2016-08-05|137000|139500|136500|139500|460068|3000|220
028260|2016-08-08|139500|143000|139500|143000|513408|3500|251
028260|2016-08-09|143000|142500|141000|144000|294708|-500|-35
028260|2016-08-10|142500|142000|141500|143000|252874|-500|-35
028260|2016-08-11|143000|143500|141000|144000|275344|1500|106
028260|2016-08-12|143500|143000|143000|144500|222102|-500|-35
028260|2016-08-16|144000|144000|143500|145000|260868|1000|70
028260|2016-08-17|144000|142000|140000|144000|266840|-2000|-139
028260|2016-08-18|142000|148500|140500|149500|1037609|6500|458
028260|2016-08-19|147500|152500|147000|153000|1182194|4000|269
028260|2016-08-22|152500|152500|151000|153500|497039|0|0
028260|2016-08-23|152000|151500|149000|152500|379825|-1000|-66
028260|2016-08-24|151000|148000|146500|152500|553290|-3500|-231
028260|2016-08-25|149500|151000|148000|152500|413039|3000|203
028260|2016-08-26|151000|149500|148000|152000|258308|-1500|-99
028260|2016-08-29|148000|148500|147500|150000|196054|-1000|-67
028260|2016-08-30|150500|152500|150500|153000|428538|4000|269
028260|2016-08-31|152500|151500|150000|153000|296875|-1000|-66
028260|2016-09-01|150500|150500|148000|151500|387253|-1000|-66
028260|2016-09-02|150500|151000|149000|151500|202807|500|33
028260|2016-09-05|151000|152500|151000|152500|232962|1500|99
028260|2016-09-06|152000|152000|151000|152500|257565|-500|-33
028260|2016-09-07|151500|150500|150500|152500|188979|-1500|-99
028260|2016-09-08|150500|148500|147000|151000|355472|-2000|-133
028260|2016-09-09|147000|146000|144000|147500|531138|-2500|-168
028260|2016-09-12|141500|141500|139000|143000|577385|-4500|-308
028260|2016-09-13|145000|146000|142500|146500|843540|4500|318
028260|2016-09-19|145500|144500|143000|147000|325757|-1500|-103
028260|2016-09-20|143500|146000|143500|147500|343258|1500|104
028260|2016-09-21|146000|146500|145500|146500|174513|500|34
028260|2016-09-22|147500|147000|146500|148500|244573|500|34
028260|2016-09-23|147500|146000|144500|147500|280070|-1000|-68
028260|2016-09-26|146000|144000|143000|146000|206177|-2000|-137
028260|2016-09-27|143000|145500|142000|146500|234540|1500|104
028260|2016-09-28|145500|145500|145000|146500|139085|0|0
028260|2016-09-29|145500|148500|145500|149500|410607|3000|206
028260|2016-09-30|148000|149000|147500|151500|419843|500|34
028260|2016-10-04|151500|150500|150000|151500|269822|1500|101
028260|2016-10-05|150000|152000|149000|152000|327824|1500|100
028260|2016-10-06|158000|164000|156500|165000|2175637|12000|789
028260|2016-10-07|166500|165500|161000|168000|1345626|1500|91
028260|2016-10-10|162000|162000|159000|163000|978773|-3500|-211
028260|2016-10-11|159500|155500|155000|164000|1079849|-6500|-401
028260|2016-10-12|155000|161500|154000|162000|706459|6000|386
028260|2016-10-13|162000|161500|160000|163500|484733|0|0
028260|2016-10-14|161000|163500|161000|165000|480344|2000|124
028260|2016-10-17|163000|163000|161000|164500|297256|-500|-31
028260|2016-10-18|162000|163500|161500|164000|290335|500|31
028260|2016-10-19|163500|164500|162500|167000|452186|1000|61
028260|2016-10-20|165500|161500|160500|166500|373713|-3000|-182
028260|2016-10-21|160000|160500|158500|161000|262036|-1000|-62
028260|2016-10-24|162000|167500|162000|168000|798465|7000|436
028260|2016-10-25|168000|169000|165500|169500|494779|1500|90
028260|2016-10-26|168000|166000|163000|168000|525001|-3000|-178
028260|2016-10-27|165000|164000|161500|168000|526137|-2000|-120
028260|2016-10-28|164000|165000|163000|167000|247695|1000|61
028260|2016-10-31|165000|161500|160000|165000|347710|-3500|-212
028260|2016-11-01|160500|157000|156000|161000|470359|-4500|-279
028260|2016-11-02|155000|154000|153500|157000|381033|-3000|-191
028260|2016-11-03|152500|152000|147000|153000|969554|-2000|-130
028260|2016-11-04|150500|147500|147000|152000|452686|-4500|-296
028260|2016-11-07|149000|150500|148500|151500|452984|3000|203
028260|2016-11-08|151500|150500|148000|152500|360711|0|0
028260|2016-11-09|150000|144500|140500|151000|1035365|-6000|-399
028260|2016-11-10|147000|150000|145500|151500|632590|5500|381
028260|2016-11-11|148500|146500|146000|152000|563536|-3500|-233
028260|2016-11-14|147000|145000|145000|148000|351199|-1500|-102
028260|2016-11-15|145500|143500|143000|147000|349371|-1500|-103
028260|2016-11-16|145000|144000|143500|146500|390095|500|35
028260|2016-11-17|143500|141500|140000|144000|420197|-2500|-174
028260|2016-11-18|140500|138500|137500|141000|475935|-3000|-212
028260|2016-11-21|138500|141500|135500|146500|525521|3000|217
028260|2016-11-22|141500|140500|139000|144000|395513|-1000|-71
028260|2016-11-23|140000|136500|135500|141000|664004|-4000|-285
028260|2016-11-24|135500|131500|130500|137000|730967|-5000|-366
028260|2016-11-25|132500|134000|132000|136500|423465|2500|190
028260|2016-11-28|139000|139000|137000|142000|801038|5000|373
028260|2016-11-29|136500|127000|126000|136500|2457320|-12000|-863
028260|2016-11-30|127500|128000|127000|131000|937601|1000|79
028260|2016-12-01|128000|128000|127500|130000|467719|0|0
028260|2016-12-02|127500|125500|124000|128000|525360|-2500|-195
028260|2016-12-05|124000|126000|122000|127000|451187|500|40
028260|2016-12-06|128000|129000|127000|129500|469975|3000|238
028260|2016-12-07|129500|129500|128000|132000|484262|500|39
028260|2016-12-08|130500|127500|126000|131000|630984|-2000|-154
028260|2016-12-09|127500|126500|125000|127500|335993|-1000|-78
028260|2016-12-12|126500|127000|126000|128500|257098|500|40
028260|2016-12-13|127500|129500|127000|130000|351813|2500|197
028260|2016-12-14|130500|129000|128000|130500|295460|-500|-39
028260|2016-12-15|128000|129500|127500|130000|290077|500|39
028260|2016-12-16|129500|126500|126000|129500|433415|-3000|-232
028260|2016-12-19|126000|128000|125500|128500|290045|1500|119
028260|2016-12-20|128500|127500|127500|129500|264150|-500|-39
028260|2016-12-21|128500|132500|128000|133500|869736|5000|392
028260|2016-12-22|132500|130500|130000|134000|474225|-2000|-151
028260|2016-12-23|130000|128500|128000|130500|432208|-2000|-153
028260|2016-12-26|128000|126500|126500|128500|357477|-2000|-156
028260|2016-12-27|127000|124500|124000|127500|554764|-2000|-158
028260|2016-12-28|124500|125500|124000|127000|459211|1000|80
028260|2016-12-29|124500|125500|124500|126500|295470|0|0
028260|2017-01-02|125500|125500|124000|126500|216717|0|0
028260|2017-01-03|126500|129000|126000|129500|507878|3500|279
028260|2017-01-04|129000|129000|128000|130500|319875|0|0
028260|2017-01-05|129500|128000|128000|130500|377917|-1000|-78
028260|2017-01-06|128500|129000|127000|129000|206627|1000|78
028260|2017-01-09|128500|128000|127500|129000|232165|-1000|-78
028260|2017-01-10|127500|126500|126500|128000|245322|-1500|-117
028260|2017-01-11|127000|126000|125500|128000|535569|-500|-40
028260|2017-01-12|126500|128000|126000|129000|542624|2000|159
028260|2017-01-13|128000|128500|126500|129000|259502|500|39
028260|2017-01-16|128500|127500|126500|129000|337269|-1000|-78
028260|2017-01-17|127000|125000|124500|128500|587686|-2500|-196
028260|2017-01-18|124500|123000|122000|125000|753539|-2000|-160
028260|2017-01-19|128000|124000|124000|128500|621122|1000|81
028260|2017-01-20|123500|122000|121500|125000|436494|-2000|-161
028260|2017-01-23|121000|120500|120000|122500|309555|-1500|-123
028260|2017-01-24|120000|123500|120000|124000|326102|3000|249
028260|2017-01-25|124000|125000|123000|126000|407382|1500|121
028260|2017-01-26|126000|126500|124000|127500|430945|1500|120
028260|2017-01-31|125500|126000|125000|127500|347477|-500|-40
028260|2017-02-01|127000|127000|126000|127500|305080|1000|79
028260|2017-02-02|126500|128500|126500|129500|470484|1500|118
028260|2017-02-03|129000|128500|127500|129500|345789|0|0
028260|2017-02-06|129000|128000|127500|129500|189476|-500|-39
028260|2017-02-07|128000|128500|127000|128500|162093|500|39
028260|2017-02-08|128500|127500|126000|128500|258988|-1000|-78
028260|2017-02-09|127500|126000|126000|127500|298986|-1500|-118
028260|2017-02-10|127000|127500|125500|128500|276672|1500|119
028260|2017-02-13|126000|125500|123500|126500|404042|-2000|-157
028260|2017-02-14|125000|126000|124500|126500|219850|500|40
028260|2017-02-15|125500|126000|125000|126500|198742|0|0
028260|2017-02-16|126500|126500|125500|129000|366400|500|40
028260|2017-02-17|122500|124000|121500|124500|604469|-2500|-198
028260|2017-02-20|123500|123000|123000|125500|305838|-1000|-81
028260|2017-02-21|123500|126000|123000|126000|292388|3000|244
028260|2017-02-22|126500|124000|124000|127000|299948|-2000|-159
028260|2017-02-23|124500|124000|123000|125500|290739|0|0
028260|2017-02-24|124500|125000|123500|125000|235107|1000|81
028260|2017-02-27|124500|125000|124000|125500|226446|0|0
028260|2017-02-28|125500|123000|123000|125500|413692|-2000|-160
028260|2017-03-02|123500|121500|121500|124500|396116|-1500|-122
028260|2017-03-03|121000|121500|120500|122500|245038|0|0
028260|2017-03-06|121000|119500|118000|121500|414429|-2000|-165
028260|2017-03-07|120500|121500|119500|122000|303550|2000|167
028260|2017-03-08|121000|120500|120000|122000|232995|-1000|-82
028260|2017-03-09|120000|119500|119500|121500|307838|-1000|-83
028260|2017-03-10|120000|120500|119500|123000|463588|1000|84
028260|2017-03-13|121000|121000|120500|122500|308158|500|41
028260|2017-03-14|121500|132000|120500|132000|1858384|11000|909
028260|2017-03-15|132000|131000|130500|134500|1633435|-1000|-76
028260|2017-03-16|132000|130500|128500|132500|658542|-500|-38
028260|2017-03-17|130500|132500|129500|132500|539796|2000|153
028260|2017-03-20|133000|133000|131500|134500|526483|500|38
028260|2017-03-21|133000|133500|131500|134500|593727|500|38
028260|2017-03-22|132500|134000|131500|134500|478401|500|37
028260|2017-03-23|135500|137500|135000|139000|814717|3500|261
028260|2017-03-24|129000|127500|126000|131000|1834793|-10000|-727
028260|2017-03-27|127000|125500|125000|128500|691083|-2000|-157
028260|2017-03-28|126000|126500|124500|127000|608102|1000|80
028260|2017-03-29|127000|128500|126000|128500|386344|2000|158
028260|2017-03-30|127500|128000|127000|128500|239764|-500|-39
028260|2017-03-31|127500|127500|126000|128000|330624|-500|-39
028260|2017-04-03|127500|127500|126500|128500|213913|0|0
028260|2017-04-04|128000|129000|127000|130000|341604|1500|118
028260|2017-04-05|129000|127500|127000|129000|244773|-1500|-116
028260|2017-04-06|127000|126000|125000|127500|282892|-1500|-118
028260|2017-04-07|126000|127000|126000|127000|216422|1000|79
028260|2017-04-10|126500|124500|124000|127000|414176|-2500|-197
028260|2017-04-11|124500|123500|123000|124500|313984|-1000|-80
028260|2017-04-12|123500|125000|123500|125000|165930|1500|121
028260|2017-04-13|125000|125500|123500|125500|285484|500|40
028260|2017-04-14|124500|125000|124000|125500|124081|-500|-40
028260|2017-04-17|125000|126000|124500|126000|165944|1000|80
028260|2017-04-18|126000|127500|126000|130000|692120|1500|119
028260|2017-04-19|128500|127000|126500|129000|245031|-500|-39
028260|2017-04-20|127500|128500|127000|129000|348233|1500|118
028260|2017-04-21|130000|130500|128500|131500|491237|2000|156
028260|2017-04-24|131000|130500|129500|132000|270272|0|0
028260|2017-04-25|130500|130500|129500|131000|244464|0|0
028260|2017-04-26|131000|131500|131000|133000|439791|1000|77
028260|2017-04-27|128000|122500|121000|128000|2296586|-9000|-684
028260|2017-04-28|121000|123500|120500|124000|617396|1000|82
028260|2017-05-02|122000|122500|122000|123500|617060|-1000|-81
028260|2017-05-04|124000|124000|122500|125000|355536|1500|122
028260|2017-05-08|126000|126500|124500|126500|463107|2500|202
028260|2017-05-10|126500|124500|123500|127500|686676|-2000|-158
028260|2017-05-11|125000|126500|124500|127000|501278|2000|161
028260|2017-05-12|126000|125500|125000|126500|257044|-1000|-79
028260|2017-05-15|126000|125500|124500|126000|265700|0|0
028260|2017-05-16|126500|126500|125500|127000|333600|1000|80
028260|2017-05-17|126500|125500|125000|126500|278802|-1000|-79
028260|2017-05-18|124000|125000|124000|126000|359938|-500|-40
028260|2017-05-19|125000|129500|125000|130000|932339|4500|360
028260|2017-05-22|131500|130500|129500|132000|440110|1000|77
028260|2017-05-23|130000|131000|128500|131500|391575|500|38
028260|2017-05-24|132000|131000|131000|134000|479014|0|0
028260|2017-05-25|132500|133000|131500|134000|531150|2000|153
028260|2017-05-26|133500|134000|133000|135000|560796|1000|75
028260|2017-05-29|135000|137500|134000|139000|995868|3500|261
028260|2017-05-30|139500|137500|136500|141500|779140|0|0
028260|2017-05-31|137000|137500|135500|138500|500477|0|0
028260|2017-06-01|137500|138000|136000|138500|423105|500|36
028260|2017-06-02|139000|141500|138500|142000|879961|3500|254
028260|2017-06-05|141000|143000|140500|144000|659590|1500|106
028260|2017-06-07|143500|142500|141000|144000|390665|-500|-35
028260|2017-06-08|142500|142500|139500|143500|716307|0|0
028260|2017-06-09|142000|137500|137500|143000|891975|-5000|-351
